gene	baseMean	log2FoldChange	lfcSE	stat	pvalue	padj
Nrf1	60.5881223473468	0.54793571253051	0.146918825053799	3.72951330321262	0.000191849977804746	0.00702672020068195
E2f1	58.0888186667925	0.523372072901307	0.151639061366904	3.4514330818427	0.000557618014975878	0.00702672020068195
E2f4	65.2731548201712	0.521347029757697	0.145560853849213	3.58164311331783	0.000341440013679244	0.00702672020068195
Klf12	65.4234844425644	0.515114020572909	0.145658339299787	3.53645402693164	0.000405537076818993	0.00702672020068195
Klf13	61.1590833053853	0.519769077673848	0.148904176710193	3.49062792701547	0.000481886846714601	0.00702672020068195
Klf14	70.5814445654685	0.549080022175937	0.153180533878075	3.58452871441865	0.00033768741368078	0.00702672020068195
Klf16	59.7430195186145	0.522981061383771	0.149483747449007	3.49858141977725	0.000467740254807849	0.00702672020068195
Klf7	64.5821988098914	0.543381762301549	0.14603960328704	3.72078360986461	0.000198605562633904	0.00702672020068195
Sp1	57.6556900570322	0.5508102027981	0.153156510177744	3.59638778762237	0.000322666677975188	0.00702672020068195
Sp9	58.2804113848251	0.532745203354372	0.151754329601472	3.51057663233355	0.000447135907148198	0.00702672020068195
Pbx3	67.6577446998634	0.518168884269717	0.148553765788686	3.48808986105946	0.000486484548361285	0.00702672020068195
Foxi1	70.2986455781015	0.564100844007343	0.154790125041869	3.64429477561802	0.000268125980643745	0.00702672020068195
Nfyb	77.8233876699322	0.599208261106352	0.174443417044046	3.43497204572101	0.00059261495668402	0.00702672020068195
Zfp128	46.9983705334887	0.619093051580569	0.180063952245351	3.43818428875208	0.000585628990674104	0.00702672020068195
Klf8	62.2188156676412	0.493637887561837	0.14628764497474	3.37443321100066	0.000739678626310016	0.00768495966372455
Sp4	56.8821555088199	0.518906705054653	0.15455970626193	3.35732201881432	0.000787013941465767	0.00768495966372455
Sp6	62.2385060031095	0.493333553033315	0.146801462825797	3.36054929928547	0.00077787646882407	0.00768495966372455
Nfya	78.8365756851695	0.580503999698947	0.174372997487874	3.329093426517	0.000871291719692998	0.00803524585939098
Nfyc	79.5025601086018	0.580339524938033	0.176361169110209	3.29063096976509	0.000999629561028564	0.00829692535653708
Ctcfl	58.9301042994655	0.492569753382654	0.149684647371723	3.29071659673567	0.000999325357412814	0.00829692535653708
Klf3	59.166358939814	0.479149719258368	0.149411270275267	3.20691818211309	0.00134165147964988	0.00919202998698481
Klf4	58.7975825878379	0.482344865267889	0.150831941469834	3.19789601968597	0.00138434186550976	0.00919202998698481
Klf11	53.6131344761125	0.518911931124625	0.162220371255538	3.19880867679195	0.00137996715504779	0.00919202998698481
Sp3	57.6840604705562	0.488138558042094	0.151530804022117	3.22138169326184	0.00127574120455183	0.00919202998698481
Gabpa	49.0678167762691	0.567771828034364	0.177284903517351	3.20259546509439	0.001361951505084	0.00919202998698481
Elk3	50.7469892149386	0.539678205363168	0.17219235480541	3.13415892344956	0.00172347485585489	0.0110037240796889
Zbtb14	64.7714613485671	0.44203776344772	0.142775453027055	3.09603474600047	0.00196127377845313	0.0116899611443611
Creb1	56.5239416596022	0.475935895170462	0.153803207350971	3.09444714039286	0.00197180067495248	0.0116899611443611
Klf2	54.8625771316982	0.481410359734835	0.158546705278727	3.03639459986577	0.00239425800160447	0.0124202133833232
Sp2	58.5253461032292	0.457891134032488	0.149593285546255	3.06090699432432	0.00220667627816133	0.0124202133833232
Etv4	49.9091024089421	0.530243825206501	0.173860709420052	3.04981974924202	0.00228978746464939	0.0124202133833232
Etv5	49.5206357214977	0.535070054260657	0.175690902346977	3.04551941570618	0.002322787807702	0.0124202133833232
Klf5	54.2825177262212	0.475168197010115	0.159867964704934	2.97225399652222	0.00295622009262395	0.014870682890169
Sp8	51.7654584815551	0.489838782265078	0.166385144564242	2.94400550931367	0.00323994232040461	0.0153665835767761
Fli1	46.4432074068229	0.547667611555275	0.185986781065491	2.94465880003819	0.00323310985818652	0.0153665835767761
Mybl2	50.7825756511984	0.48875832835955	0.167202846363929	2.92314598099445	0.00346514016496132	0.0155463045238805
Crebl2	53.7471725897139	0.469495631452873	0.16041689688421	2.9267218140478	0.00342555133645438	0.0155463045238805
Etv1	49.953764331258	0.503592725736403	0.173086921037793	2.90947879086974	0.00362031950002262	0.0158150799211514
Klf6	53.4249405847564	0.466107192772339	0.16122623570635	2.89101330642789	0.00384001861048917	0.0161812597713849
Zbtb33	54.2859688995515	0.458833610380905	0.158974347297567	2.88621163213246	0.00389909874009276	0.0161812597713849
Mbd2	47.9629747370432	0.50154421361716	0.174920463304978	2.86727009602477	0.004140294980087	0.0167631455291327
Jdp2	50.5659589996645	0.477778901032051	0.168356971574713	2.83789198964074	0.00454125470221905	0.017948768584961
Sohlh2	52.9584969297525	0.453841233168667	0.161112730547255	2.81691727045463	0.0048487013357661	0.0187182423659808
Egr2	48.1079707614034	0.492664810760722	0.176281914890233	2.79475527065549	0.00519390172268135	0.0187432105644588
Spdef	44.002997694056	0.53057401752522	0.188968330675472	2.80774040617637	0.00498904259003135	0.0187432105644588
Bhlhe40	60.8720717139586	0.408576322501367	0.146039286839904	2.79771513092411	0.00514654812359231	0.0187432105644588
Crem	51.6632419548081	0.453926039227976	0.165231669153153	2.74720966963805	0.0060104696953445	0.021228467434621
Ets1	45.8612655766432	0.51870712891804	0.189751644434045	2.73361071765749	0.00626440583116531	0.0216644034994467
Glis2	91.6376453973793	0.41063405331252	0.151203113389717	2.71577776480128	0.0066120285395863	0.022399933419823
Elf2	48.3639157372201	0.475721753261425	0.17668509356993	2.69248380635539	0.00709219796510617	0.0235460972441525
Klf1	56.2819873984917	0.414135326614157	0.155838030286937	2.65747279949335	0.00787289433560931	0.0237618265402026
Zfx	51.8154016552502	0.439074566178892	0.164704207472351	2.66583697476338	0.00767969238275752	0.0237618265402026
Egr1	49.6599550864783	0.455051695791368	0.171031791424812	2.66062637829187	0.00779954510478312	0.0237618265402026
Elk1	47.7176216492562	0.476024661563729	0.179030905856876	2.65889657031775	0.00783970261746652	0.0237618265402026
Etv3	47.2182060103552	0.489307337574004	0.183982479047687	2.6595322560426	0.00782492368920954	0.0237618265402026
Klf10	53.0201823885201	0.427681622192235	0.161426165159597	2.64939467383988	0.00806361024312079	0.0239028446492509
Zbtb17	50.7806408798419	0.443291399604563	0.167706742568079	2.64325329331713	0.00821135816704232	0.0239137799250706
Tfdp1	51.9657312776434	0.431850232110007	0.164179441318111	2.6303551080629	0.00852957200904713	0.023998456839014
Tfdp2	51.9657312776434	0.431850232110007	0.164179441318111	2.6303551080629	0.00852957200904713	0.023998456839014
Zfp523	49.7655704399018	0.447071574859207	0.171462028309407	2.60740864474352	0.00912304109830356	0.0252404137053065
Wt1	48.0916792526115	0.44558394022833	0.174711926302639	2.55039223513844	0.0107601784137859	0.0292817969948929
Patz1	46.260294766846	0.459081122579944	0.181125739285641	2.53459902712093	0.0112576103182943	0.0301413437554332
E2f7	49.2964599858814	0.432851715601186	0.17137520987787	2.52575454705296	0.0115450111274199	0.0304201880500269
Zfp692	50.0286790918005	0.424902872308563	0.169586794100516	2.50551863169675	0.0122271956115911	0.0317142886175645
Klf15	48.7360909158727	0.425146268988372	0.173213162652673	2.45446860086999	0.0141092985798096	0.0360329779115137
Sp5	49.5989493087168	0.409862903529227	0.170446485182824	2.40464274220499	0.0161882827539051	0.039251102354119
Egr3	44.3679568499728	0.452236436042203	0.187793977178537	2.40815196971018	0.0160335053166436	0.039251102354119
E2f2	40.3651479627187	0.510019976767973	0.211682960828213	2.40935772427083	0.0159806256007346	0.039251102354119
Atf7	45.8771093307808	0.435716197789213	0.181413358746107	2.40178673059579	0.0163152172435796	0.039251102354119
Zfp691	58.3681894244137	0.35165851911775	0.148228780696282	2.3724037765533	0.0176727657180921	0.0419097015600469
Zfp281	45.2505055782852	0.435146053387711	0.184266389300706	2.3615052915461	0.0182009121667839	0.0425542453476919
E2f3	40.5351679205802	0.496036924833038	0.210981521646506	2.35109179686425	0.018718415315854	0.0431563464226633
Atf6	43.4585017634563	0.447718607950618	0.195186768206695	2.29379589643342	0.0218022252532042	0.0452396174003987
E2f6	43.5300700439763	0.439727154465864	0.19112031209918	2.30078713055718	0.0214036662362345	0.0452396174003987
Zfp341	47.3181447043991	0.406086619421368	0.176795295921476	2.29693113329063	0.0216226986209981	0.0452396174003987
Glis1	50.5924469884857	0.388021978327286	0.16715809119076	2.32128744449753	0.020271335410895	0.0452396174003987
Elf4	46.4946669824917	0.420513433195253	0.181635168256116	2.3151542580251	0.0206044915463705	0.0452396174003987
Smad1	43.1219130210635	0.444892421027017	0.192798254536341	2.30755419491186	0.0210239446584062	0.0452396174003987
Smad5	43.1219130210635	0.444892421027017	0.192798254536341	2.30755419491186	0.0210239446584062	0.0452396174003987
Erf	44.4664085273144	0.448741430505653	0.193468127134061	2.31945921611524	0.0203701500479135	0.0452396174003987
Lin28a	42.8193713515743	0.442101067096889	0.194913304666918	2.26819337885827	0.0233174228421701	0.0472035633146371
Lin28b	42.8193713515743	0.442101067096889	0.194913304666918	2.26819337885827	0.0233174228421701	0.0472035633146371
Creb3l1	43.5891410503812	0.437659443984789	0.193711891348054	2.25933184038981	0.0238627507268479	0.0477255014536958
Zfp383	49.3857838305131	0.379576888158682	0.170533151708514	2.22582462328192	0.0260259308178789	0.0505998422454937
Zbtb7a	57.2250941499114	0.33426119809554	0.150637901459057	2.21897141992774	0.0264886689651556	0.0505998422454937
Egr4	44.4985437902439	0.414978795175925	0.187051835252098	2.2185229811653	0.0265191944298672	0.0505998422454937
Foxn4	41.362096815818	0.450088331891251	0.202091170915289	2.2271548522024	0.0259369263125566	0.0505998422454937
Zfp213	40.6907787943527	0.452567237030181	0.207407808505669	2.18201638738115	0.0291083233095408	0.0533557787261063
Zfp661	45.425806787526	0.397648173093383	0.182760033955017	2.17579393310496	0.0295706725469987	0.0533557787261063
Zfp566	45.0373401000815	0.401531126903852	0.184514951243954	2.17614412380584	0.0295444854731152	0.0533557787261063
Zic5	52.4684933965671	0.353137437520535	0.161921058746969	2.18092347130941	0.0291890773507087	0.0533557787261063
Creb3	46.4999482338709	0.393542057252026	0.179554028572847	2.19177514634467	0.0283957465601096	0.0533557787261063
Zfp771	49.6470624043629	0.36571723315687	0.169502173072414	2.15759613300432	0.0309592456215494	0.0551713747928423
Jrkl	107.222468258063	0.287726416133523	0.133841004137616	2.14976283230571	0.0315739795501206	0.0551713747928423
Tigd2	107.222468258063	0.287726416133523	0.133841004137616	2.14976283230571	0.0315739795501206	0.0551713747928423
Ctcf	45.8751745594242	0.385674023985032	0.182833755302741	2.10942461552804	0.034907946616588	0.0597393725603465
Lhx8	41.2439318416256	0.437723997023048	0.207295062557188	2.11159875987055	0.0347208790264556	0.0597393725603465
Etv6	52.2840937398878	0.34610076912735	0.165313726188599	2.09359970951534	0.0362956534695074	0.0614803926116145
Atf6b	43.8700576130455	0.390497348049534	0.192080584309288	2.03298708952674	0.0420538273670383	0.0698093534292836
Foxn1	41.551754762494	0.4099622657014	0.201501444172025	2.03453760535537	0.0418974210424569	0.0698093534292836
Dnmt1	40.4973036516174	0.413555274710738	0.209056493546564	1.97819865671202	0.047906300218164	0.0787370874872794
Maz	44.5019426169204	0.364059409734814	0.18607592096952	1.95651005158507	0.050405099531872	0.0820318286499093
Elk4	43.3365425545871	0.375705467736349	0.192455965747239	1.95216327162224	0.0509188232384567	0.0820633461901342
Zfp467	43.4474915060437	0.367148387695996	0.190616344486947	1.92611178587121	0.054090417305792	0.0839159745117894
Cphx1	44.5610136233253	0.362509493723796	0.187882241480885	1.92945054767551	0.0536749536682617	0.0839159745117894
Cphx2	44.5610136233253	0.362509493723796	0.187882241480885	1.92945054767551	0.0536749536682617	0.0839159745117894
Cphx3	44.5610136233253	0.362509493723796	0.187882241480885	1.92945054767551	0.0536749536682617	0.0839159745117894
Zfp777	53.5729170664102	0.311717118183719	0.162893613148676	1.91362394238999	0.0556682235688474	0.0855641214113766
Zbtb49	41.0504566988903	0.39904507167345	0.209098781642562	1.90840457576451	0.0563389459052958	0.085800596516322
Zfp454	51.4371314478352	0.312803896584503	0.164309933659722	1.90374306420393	0.0569436549179565	0.085933151967098
Six5	39.8706998991218	0.41028791057738	0.216169362945808	1.8979928745973	0.0576970206708165	0.0862856345167165
Elf1	46.2008053910582	0.340614961001102	0.180204743362558	1.89015535687544	0.0587371853636369	0.0870568997353904
Tfec	46.6214890733573	0.341708350936229	0.183934053218986	1.8577764419153	0.0632007678918557	0.0928436059296287
Pax5	40.9304322613776	0.377592640450804	0.204971186290322	1.84217424548629	0.0654496663719589	0.0950554131151147
Zbtb37	41.7467463072031	0.368157754750678	0.200147499159142	1.83943220023922	0.0658516416158927	0.0950554131151147
Fev	40.950122596846	0.376906623020291	0.205460692566719	1.83444637663673	0.0665877607825309	0.0952893818094838
Tcfl5	50.5473666967871	0.305129834513036	0.167841824189469	1.81796066616023	0.0690701448401526	0.0979969576364558
Prdm11	41.3601096978076	0.368685275862941	0.203474887099137	1.81194486021909	0.0699947168591344	0.0984671440560705
Zbtb22	74.6920584474391	0.274198085116413	0.152844314894996	1.79396980060912	0.0728179891484475	0.101578035282708
Kmt2a	45.6995073274545	0.329893093881693	0.184960654936855	1.78358523867856	0.0744910859768398	0.103046002267962
Tfap2c	39.8956714859693	0.379315596779942	0.214062370497596	1.77198634163589	0.0763968245034689	0.104808866674181
Gm28047	39.1455921226307	0.384220072995218	0.220006436251535	1.74640378500535	0.0807408127188934	0.109860450092921
Clock	42.8386956643137	0.340188044941547	0.197362989715185	1.72366686090677	0.0847680007703012	0.111678477205317
Tfe3	46.2114496257419	0.323391505451302	0.187197162663192	1.72754490960503	0.0840698469549322	0.111678477205317
Tfeb	46.5999163131863	0.320602202012228	0.184906379753452	1.73386230610165	0.0829425173519387	0.111678477205317
Creb5	40.8641452322369	0.355976557731155	0.206216552466871	1.72622688854399	0.084306602471043	0.111678477205317
Mlxipl	43.1555940712381	0.343440479672273	0.200719678836547	1.71104538261019	0.0870727354211	0.113811606928367
Insm1	43.6890273977714	0.32118556760955	0.188745166498894	1.70168896807978	0.088813689537943	0.11518025361952
Rbak	43.728408068708	0.320179152727435	0.189185039201417	1.69241264573017	0.0905673228902889	0.116543996897581
Glis3	45.6457175724287	0.303418730154681	0.181480611894574	1.67190713645457	0.0945426353341495	0.118480294237573
Duxbl1	44.1759457625574	0.31532095490647	0.188819297003487	1.66996149181006	0.0949269827325129	0.118480294237573
Duxbl2	44.1759457625574	0.31532095490647	0.188819297003487	1.66996149181006	0.0949269827325129	0.118480294237573
Duxbl3	44.1759457625574	0.31532095490647	0.188819297003487	1.66996149181006	0.0949269827325129	0.118480294237573
Usf1	44.2350167689623	0.313390904779931	0.192146306554684	1.63100145092167	0.102890013358232	0.127460762816914
Zfp143	42.4161295573118	0.3165716684596	0.195698239037351	1.61765210569513	0.105737593067034	0.130018077400946
Zic4	39.2296347158832	0.349999765602234	0.220009188213243	1.59084158459327	0.111645231677816	0.136272856312628
Zfp449	52.4018403446974	0.256471263902417	0.162296000108525	1.58026854470177	0.114045380206627	0.138186373097081
Mlxip	43.3899369016125	0.294576021526085	0.190016385104481	1.550266422362	0.121077583043636	0.145644049168431
Tfap2a	39.8543560436761	0.326506638008459	0.213867405187324	1.52667788587268	0.126841129006239	0.150397338678827
Tfap2d	39.8543560436761	0.326506638008459	0.213867405187324	1.52667788587268	0.126841129006239	0.150397338678827
Zfp64	39.1883716202438	0.324125908110373	0.219708295198084	1.47525566942363	0.140143819807365	0.164992014808671
Hes7	40.0709203485562	0.308452452858434	0.211590778341246	1.45777833644987	0.144901651391028	0.169392071344441
Nr1h4	39.274296638199	0.317305178666175	0.2192414207491	1.4472866376345	0.147816660020431	0.170399760856886
Zic2	39.274296638199	0.317305178666175	0.2192414207491	1.4472866376345	0.147816660020431	0.170399760856886
Zbtb7b	42.1188691392018	0.282542438348066	0.196658950090095	1.43671283823404	0.150799605535121	0.172639548405725
Zfp647	39.7665486010181	0.306755226665403	0.216155527755142	1.41914125375915	0.155857838813948	0.177208227692571
Plagl1	43.8177319133397	0.260893932844042	0.188356903354022	1.3851041729736	0.166020616111608	0.18747906309202
Cebpg	39.9956919119385	0.312300650371104	0.228073126830611	1.36930051650955	0.170905356621753	0.191691143237913
Gmeb1	39.5033876024656	0.301970759348471	0.222372000466066	1.35795315379443	0.174478549439294	0.194385498033039
Plag1	39.6215002300041	0.28802180996055	0.214929807737792	1.34007382685573	0.180221344258894	0.199444954313176
Srebf2	40.1281089302584	0.279998903593287	0.216168639621629	1.2952799447847	0.195223675016731	0.214616755316407
Zfp57	52.063316830948	0.208959102732251	0.162562838306497	1.28540510801293	0.198650757162121	0.216947537427054
Thap11	40.2856022287336	0.265021539639813	0.210180684545101	1.26092243068579	0.207336795800408	0.224953647731162
Plagl2	45.3250019694449	0.228065521302987	0.18237130029616	1.2505559862359	0.211096517148637	0.227545596406972
Jun	41.109079950641	0.252501352104648	0.202794661771176	1.24510847523964	0.213091879182653	0.228214528673035
Jund	40.3518369112205	0.258139593739372	0.209226533557442	1.23378038793776	0.21728474937112	0.231213258946192
E2f5	39.8111581766801	0.246525038372706	0.215287468058029	1.14509702118963	0.252168969312976	0.266624515324548
Ehf	42.5232089660553	0.202184357169625	0.196125220631276	1.03089422420455	0.302590425431987	0.317911459631075
Hes1	39.1898356755637	0.2108119013786	0.220070554096203	0.957928707201987	0.338098709530601	0.35298355837786
Zfp174	39.7429887228366	0.197954142561253	0.219666832306578	0.901156266891392	0.367505239759156	0.381286686250125
Bhlhe41	44.8861737389226	0.164978319191381	0.1877276040691	0.878817582579142	0.37950019133168	0.391285911559372
Zfp1	40.7936979456903	0.16939667401997	0.205748466742803	0.823319253366419	0.41032646762434	0.42045798534346
Zfp322a	41.0049286525374	0.152281602767017	0.203272582636382	0.749149741652179	0.453766957235834	0.462118496326064
Elf5	39.9235711834566	0.125145472065606	0.213165757054948	0.587080560192169	0.557149602877147	0.563944110229307
Zscan20	54.7859820658875	0.184926371258045	0.349507443789482	0.529105672980833	0.596732146304206	0.600348704766656
Bhlhe22	40.0947640780974	-0.0446821663274633	0.412420544807129	-0.108341271767533	0.91372498513578	0.91372498513578
